50

17
614.1 62.5
12.7 -658.6
363.5 -337.3
791.2 269.9
-434.5 -885.1
898.0 236.5
-167.3 848.3
-57.1 492.4
414.1 958.5
434.2 -834.5
-111.9 967.3
565.1 -294.1
-235.2 -967.5
-495.9 106.5
-219.8 297.3
803.2 292.0
953.1 -413.1

5
892.0 279.2
857.7 95.0
628.3 623.6
-423.3 43.1
-578.6 824.8

47
401.9 -503.8
-902.1 819.4
503.9 151.7
-444.0 658.3
-258.6 221.4
-404.9 771.5
-94.1 718.5
763.4 923.3
-736.2 -697.9
-301.0 -907.7
672.1 257.9
-854.2 733.1
132.8 -339.8
-603.1 -678.9
720.0 -263.3
-559.6 108.5
-715.2 -271.4
-190.4 573.7
-109.6 691.6
170.1 -0.7
610.3 -106.7
-128.5 205.2
862.5 -439.4
-84.7 -631.4
-10.6 633.7
-455.8 -639.9
-801.5 -482.5
-779.6 642.5
-279.6 -739.2
47.6 -461.9
95.7 309.4
993.8 316.4
33.7 -56.3
449.0 -902.5
422.4 -405.7
-305.1 -83.4
936.8 110.2
-453.3 -781.4
-414.3 -92.5
980.0 -435.4
-553.3 -998.5
904.8 -637.7
-304.9 343.6
-238.1 -770.2
-36.4 472.1
-57.3 -304.5
-523.4 -985.9

19
834.5 -43.8
-422.1 -36.9
858.9 532.5
-279.7 598.1
-385.3 -759.6
-303.8 -498.4
-406.4 -443.5
708.2 -353.3
496.2 307.4
-734.1 -12.3
712.5 -558.1
-611.8 836.3
924.2 -766.1
-581.0 801.5
782.3 -543.1
91.8 -40.8
51.0 870.3
-591.7 -399.6
-12.0 445.2

33
293.9 -825.6
-760.0 438.2
-215.4 660.9
-468.6 35.6
483.9 126.6
-932.0 346.0
829.2 -897.8
-371.3 -814.7
69.1 -910.7
-579.3 598.4
278.6 -720.3
512.4 -910.9
975.8 887.4
776.1 830.1
-309.0 -672.9
960.4 820.2
969.3 422.1
-518.7 564.0
111.9 -609.4
-920.1 403.3
-743.9 557.0
403.2 -738.1
-944.3 -563.0
551.6 -314.0
979.5 854.8
542.9 -814.2
-167.2 545.9
-853.0 -6.5
291.9 298.0
966.4 -553.7
47.6 -163.7
548.5 534.4
-192.2 506.2

9
-53.0 -386.7
-334.3 -636.1
32.8 -660.2
999.0 889.5
639.3 84.4
-28.3 120.9
-823.3 171.0
712.6 835.9
587.1 -907.2

23
588.5 -251.9
-992.9 -859.4
-554.3 -306.2
-753.9 328.7
-112.2 -248.1
-263.0 -185.6
-207.8 582.2
270.4 553.3
235.7 381.1
877.3 -417.3
673.7 674.4
-166.3 -330.0
776.9 935.3
171.6 167.6
51.9 -534.9
981.4 235.9
-572.0 -711.4
30.9 710.1
-42.7 906.0
201.9 220.4
-422.8 -256.5
-168.9 -53.4
-515.1 -796.9

41
49.2 312.5
-916.7 385.8
711.1 -741.0
577.2 903.4
726.9 -675.0
450.7 945.2
-751.2 924.7
-530.9 811.4
-57.7 515.5
434.7 966.1
-830.1 -735.1
88.3 847.6
-814.2 977.4
-376.0 -188.6
-543.0 -900.6
564.4 393.4
-570.6 832.6
541.3 -13.8
142.9 -605.6
-474.0 2.4
169.5 874.6
-533.2 460.3
981.0 -676.9
356.5 223.4
465.1 934.0
774.9 -667.4
130.1 916.1
391.5 -87.3
319.0 -141.1
-854.4 378.5
728.1 398.5
98.2 11.7
-694.6 32.6
-505.4 -630.0
945.7 19.7
841.8 -858.9
-236.0 -278.4
27.8 -205.4
25.1 -568.3
176.2 956.0
268.4 -595.9

29
762.0 870.9
999.7 922.0
-967.0 -534.5
-655.4 512.3
-856.6 -870.9
884.3 514.4
691.2 351.7
-760.1 -551.4
-678.6 -343.6
-606.1 531.9
125.4 -989.9
-358.2 -98.2
-292.4 -917.7
783.8 115.1
-916.2 458.4
357.4 726.7
-609.8 127.6
-278.3 197.8
-363.0 865.7
-554.2 742.6
971.9 626.0
689.6 -124.8
986.9 -809.8
373.9 396.4
646.1 -433.5
-655.9 511.3
19.7 -62.2
-421.2 -671.4
334.1 -20.5

26
-64.9 601.5
-259.0 -84.6
-319.7 -12.8
269.9 947.1
-198.2 -507.7
-785.8 713.7
900.8 -34.7
-995.1 -42.5
615.2 51.3
-934.2 300.8
-41.6 -301.8
-971.5 -735.6
979.1 36.7
720.6 665.4
-839.0 -873.7
515.5 789.0
568.6 -249.5
-0.2 728.2
358.1 -259.8
-883.4 149.6
328.3 -101.3
-100.4 -173.3
-686.8 -425.4
653.0 622.7
995.8 -582.5
951.4 -237.1

42
476.5 -366.2
44.6 739.5
425.8 -966.5
594.4 388.7
933.3 774.2
228.0 -262.6
-799.5 309.3
357.3 -831.5
-611.2 400.8
-982.8 -512.7
474.6 857.5
-231.6 113.2
266.9 -123.4
-904.4 -861.5
745.5 37.8
-277.1 244.9
599.5 -246.3
426.2 563.4
143.0 758.0
-379.3 222.4
-103.0 814.8
-946.0 662.4
918.7 944.0
864.3 163.3
-538.1 -242.5
-569.3 920.2
-301.6 -198.1
406.3 -92.6
-772.5 -102.4
743.8 -22.1
800.3 517.9
-220.2 -431.2
314.8 645.9
-30.2 -406.2
72.6 -320.8
-808.8 -204.9
-491.4 494.0
-949.2 -25.8
-676.9 -55.8
-190.3 322.6
70.2 533.0
746.0 743.5

20
790.1 99.8
-563.8 -621.9
-992.5 534.5
-60.2 805.8
-626.5 928.1
117.2 -148.4
-453.3 -182.8
407.3 -351.1
586.6 163.8
-439.8 465.6
-485.9 -128.9
851.2 -977.6
123.9 9.6
787.2 468.2
471.8 60.8
-857.8 -709.9
-881.8 -430.8
-315.8 -617.6
-272.6 -242.6
-492.4 20.3

41
697.2 -487.8
-229.1 -324.0
-752.1 -432.6
30.4 -442.5
-791.0 192.2
183.8 295.6
832.1 -945.7
-290.7 -858.2
-272.7 -625.8
193.1 -353.7
454.9 -217.9
-204.8 -768.5
-375.4 769.2
875.7 469.5
-575.1 -417.0
-583.8 -317.4
-887.2 -209.8
733.8 894.2
179.0 987.2
-532.9 -158.6
487.8 730.6
-226.1 77.3
-128.6 -41.9
-541.8 660.9
869.9 -184.0
-16.1 577.3
-374.9 531.6
-277.6 335.7
-708.9 -406.0
-172.3 278.0
-275.9 117.4
-189.4 478.7
582.2 -289.9
-678.6 -457.0
444.9 114.0
-681.1 665.4
413.7 657.3
-575.0 -881.6
50.7 -699.0
-77.7 560.9
-271.8 -563.7

8
-928.9 25.5
-436.8 -220.4
649.2 -68.1
-589.2 688.2
562.6 48.8
-100.4 -253.2
-527.2 513.7
610.8 853.6

20
433.2 -509.9
-596.0 -768.2
-120.5 919.4
141.1 -195.9
-470.6 -836.9
-447.7 301.1
-995.1 837.5
-970.4 699.3
-465.7 -665.3
772.8 294.1
492.8 -603.6
-530.3 -635.2
-601.0 290.5
-852.1 -16.0
287.6 -662.3
875.6 -261.0
-756.2 614.0
635.0 -805.6
39.4 -213.5
316.6 826.9

14
-299.3 583.6
630.6 401.6
393.1 -543.9
-741.3 -420.0
961.0 -801.9
-15.8 -266.7
428.4 -883.8
590.8 999.1
-466.7 -392.1
-565.4 572.3
149.4 877.9
-176.6 320.7
360.0 87.8
-650.0 -301.5

48
-113.4 -376.3
966.2 -35.1
877.9 -219.1
-839.9 960.9
-934.7 -255.2
976.7 -993.4
44.8 -254.8
680.4 -489.6
-427.0 7.2
694.3 -125.0
171.1 -971.2
595.5 -635.3
324.5 -876.6
-342.2 974.6
448.5 -105.0
-672.1 181.1
-892.2 249.5
-477.8 161.4
-196.1 581.2
-747.9 -803.4
396.0 863.1
965.5 114.7
-581.5 -95.3
-767.9 -7.4
-295.5 496.0
-193.4 -965.9
179.9 920.8
354.8 207.0
-215.2 -493.5
-111.1 -269.1
-959.0 -606.5
-144.2 550.2
-802.5 -589.8
-939.8 496.9
235.2 -693.2
719.8 -725.2
694.3 301.3
-731.0 -845.3
87.3 48.9
-33.6 27.9
87.9 -301.9
-958.0 574.8
913.7 242.1
185.0 163.7
-525.1 578.3
-316.6 102.7
674.1 -46.4
-524.7 3.0

31
-366.8 -692.3
807.6 383.2
264.4 378.4
-177.5 -156.0
-964.6 -511.7
117.1 743.1
-74.1 -766.4
-763.3 305.1
484.0 -343.9
415.7 -413.5
480.0 59.8
128.2 -100.8
-182.8 397.2
-875.1 70.0
-754.9 129.3
-554.5 397.1
519.5 923.9
355.6 -782.8
-993.3 -183.3
-539.8 77.0
456.0 40.1
-633.8 814.0
262.9 -675.4
635.4 410.8
308.4 -622.6
373.0 -816.7
676.3 819.4
800.9 -79.7
140.9 -200.1
-311.7 -594.7
44.1 -19.1

14
-688.1 -457.9
-982.2 445.4
-530.9 983.6
711.5 -377.8
706.7 24.8
-292.8 397.0
-26.4 -107.4
324.6 -902.3
-127.0 760.5
488.8 -734.6
-454.1 -273.3
-996.7 -167.3
125.0 -292.9
-230.0 571.6

41
-386.5 -19.2
190.9 41.1
808.1 -243.4
671.2 634.1
732.2 879.8
-374.1 983.3
-594.8 670.9
-790.5 -377.3
53.8 -735.9
860.5 -284.8
738.8 28.1
793.6 -525.2
909.9 520.0
-752.9 58.0
-965.4 -678.6
488.7 -792.0
406.7 -791.4
-623.8 -20.6
-897.7 -956.5
6.0 -168.6
-329.1 360.2
441.1 138.9
-838.9 372.8
648.6 958.2
-326.2 -573.3
-310.3 -16.9
8.7 897.1
-833.4 823.8
999.9 -919.5
-466.3 136.7
737.5 -267.7
-259.7 -664.6
35.2 -572.2
-700.5 -899.6
-298.9 -379.3
-917.8 996.5
561.2 880.4
168.2 -988.9
-713.0 555.1
741.1 38.2
287.3 -618.5

8
775.4 838.3
-808.3 263.8
289.0 -436.8
845.7 -973.8
-162.9 19.0
322.3 550.6
-967.5 -873.2
849.1 -366.0

37
-901.7 344.8
-661.2 -987.0
107.3 -858.3
-152.7 623.9
187.2 -241.3
485.0 -437.4
-193.6 922.7
-266.3 707.0
69.1 797.5
-720.1 915.7
-114.2 881.9
37.6 -823.0
-402.7 -88.2
557.2 178.5
375.6 153.4
594.7 -486.2
663.9 -462.4
-338.4 -437.9
-857.5 505.5
-206.3 74.4
120.8 526.6
-700.5 -447.7
-955.2 -857.8
-361.1 -125.3
-927.7 658.7
-239.1 615.1
909.5 -106.8
-246.8 536.2
-769.8 347.3
818.0 -298.6
-793.8 -680.7
-198.9 -190.1
-452.1 -406.1
342.4 -454.5
833.5 -108.4
-884.4 -417.4
-758.5 956.7

27
239.1 958.7
-365.6 -957.1
707.4 76.8
236.8 -130.1
42.0 -265.4
560.6 -344.1
-836.7 7.9
-861.6 -174.3
436.5 283.2
-853.2 -443.1
880.2 954.8
-945.5 673.2
-220.0 703.7
782.6 124.9
376.3 17.7
-37.7 -564.0
-573.1 156.1
-613.9 354.3
-335.9 -579.0
-100.5 -70.8
-106.3 -422.0
625.4 -570.3
-702.0 412.9
318.3 768.8
-449.3 489.9
-707.8 289.0
499.0 155.4

11
-176.7 263.4
-390.9 -762.5
964.6 -734.3
-15.1 339.3
919.2 45.9
-292.3 799.9
222.5 -336.7
-699.0 451.1
-516.7 121.0
202.8 397.8
-4.9 -639.5

31
50.4 410.5
-768.1 259.8
94.6 -471.1
254.6 703.2
-935.4 593.7
38.9 -4.7
123.5 37.9
-300.6 225.2
423.1 -590.3
146.6 555.4
747.1 974.8
193.8 -184.2
-196.1 850.0
895.4 627.1
-330.3 848.3
-469.5 714.8
845.5 93.7
173.4 -117.9
-636.2 -860.4
-562.7 90.0
-796.4 377.2
-560.0 -650.7
607.6 23.4
609.8 -705.8
512.9 -557.2
-885.4 136.6
-957.7 -714.4
929.6 711.2
890.9 743.1
668.7 701.1
420.0 606.4

10
301.5 339.5
-781.8 -832.9
-813.6 -851.6
-871.6 -982.3
-944.6 717.7
-461.3 238.1
491.3 -287.8
644.6 965.3
677.9 220.4
-478.6 866.9

37
-945.4 -950.1
697.2 -280.5
645.8 -377.3
-317.9 537.8
251.8 695.8
390.8 -794.5
-536.2 290.9
-538.2 785.5
554.5 970.9
-289.2 286.0
-734.9 863.8
-431.0 945.0
300.1 -281.1
95.4 -102.7
-709.4 574.3
-207.4 310.7
881.3 683.4
-371.8 605.5
102.0 8.3
714.0 -683.9
649.3 -25.9
-563.7 894.3
395.9 870.1
205.1 208.1
-580.0 769.3
-721.1 743.0
435.9 -54.8
-120.8 75.2
477.1 6.4
120.1 1.0
431.0 100.9
-78.9 -927.1
-764.1 -49.4
442.3 -41.8
-722.8 -176.8
-580.1 -763.6
-505.4 -959.8

12
-390.4 979.3
-221.7 -409.1
-315.7 115.6
369.5 -313.8
-560.7 -720.8
-73.9 546.1
261.5 992.2
800.3 -968.8
-447.8 432.0
-997.8 940.1
-505.7 -471.2
-15.8 -830.8

35
-193.3 -310.5
348.9 338.4
-379.9 -961.2
365.1 -534.3
-174.7 -19.8
690.0 866.8
278.3 675.0
-589.8 -528.2
-925.2 898.4
-14.5 821.7
-169.9 -882.2
700.4 708.0
15.6 967.9
56.5 -159.6
-114.2 950.7
-952.6 576.2
234.9 -498.0
-403.7 -553.5
-922.5 -458.0
-197.9 -639.4
-949.6 996.3
-695.2 630.9
-245.1 -504.0
-42.2 729.5
-760.8 614.1
455.1 40.0
-332.5 -766.1
148.9 924.9
-617.1 910.1
-703.0 -845.9
-554.1 -219.1
-377.1 -922.2
-850.4 -94.2
-912.8 674.1
221.3 -486.1

37
-594.0 786.0
-947.9 -611.4
-548.3 -433.1
-652.6 278.3
758.0 706.2
-279.2 -435.9
962.2 -850.8
-721.9 -586.0
846.2 244.0
673.9 264.6
-495.4 -971.2
440.4 -730.4
166.3 899.7
-124.3 984.2
-248.7 431.6
-696.0 50.3
-605.4 -165.9
889.1 -480.2
816.4 -382.0
-656.4 -649.1
279.5 692.0
-790.7 849.0
712.6 586.3
-366.0 256.9
-801.3 -626.2
468.2 -984.8
-29.5 830.4
-979.1 975.3
-34.7 -623.5
621.4 271.0
880.7 -167.2
949.0 -45.4
-670.3 72.5
-375.6 -47.3
-360.6 -855.0
159.4 -331.5
-992.5 432.3

14
828.4 -518.7
-605.4 -644.1
-995.4 -223.1
-358.4 -305.3
-972.2 851.1
-15.8 -110.0
-439.8 120.1
266.7 -151.3
341.0 230.1
739.2 -542.9
120.3 -15.0
617.4 -491.0
-723.6 -101.8
-271.9 134.3

33
-251.0 -368.3
264.4 -458.9
406.1 260.6
-355.1 -326.3
-463.1 -171.6
849.5 299.3
-959.2 562.5
-172.5 -28.6
-33.8 358.3
-356.8 -210.4
760.9 511.4
513.3 696.1
-808.4 633.4
736.1 -362.0
214.3 -656.7
62.6 799.9
281.5 -498.2
-964.1 401.9
-229.7 641.4
213.5 351.1
48.3 112.7
-406.1 -974.8
-812.0 76.9
405.4 -355.7
408.4 518.5
-772.8 -455.3
995.5 398.9
-915.8 503.2
-50.8 -827.6
-674.2 613.9
175.0 -683.0
75.3 155.2
623.7 695.9

20
753.1 700.1
-394.3 -563.4
-532.0 -437.7
931.2 526.8
621.6 -473.5
-127.1 753.8
996.6 229.1
-681.1 -763.5
361.3 886.4
-593.6 -908.7
479.7 64.1
-31.8 -856.1
-632.4 361.5
-883.1 -978.6
-773.6 -862.2
-296.7 -481.4
713.5 873.4
706.8 -917.2
-59.6 804.1
-920.0 84.4

43
384.6 574.7
-666.8 -234.5
88.0 625.1
778.2 57.7
-458.2 -98.9
285.1 229.3
520.1 -956.9
823.8 -485.2
49.4 556.2
190.8 -388.9
-4.6 -904.5
921.4 -228.0
-653.7 364.0
-402.2 -812.1
367.0 -704.6
-4.4 25.3
-267.8 293.6
-256.1 242.7
320.6 831.2
143.8 984.2
-298.4 -317.9
-293.4 255.6
-833.8 68.2
299.1 -388.0
924.3 428.3
505.6 -59.3
357.5 -38.7
519.2 -653.1
-313.5 -877.2
-422.7 953.9
122.9 -185.7
539.4 134.5
-116.6 856.7
-629.9 -582.0
-622.2 866.2
-878.5 -743.2
-5.5 656.8
986.3 -569.0
672.5 -535.8
470.5 -497.5
213.0 -295.0
516.1 -49.6
-73.7 -208.7

19
237.9 -939.2
-822.9 771.3
416.2 956.7
-126.6 -50.8
-44.1 314.2
-431.1 736.8
829.8 238.1
-100.0 709.8
374.0 -58.6
-92.7 689.3
300.9 142.5
-308.3 160.9
-317.0 -487.9
-104.0 -630.9
547.9 577.6
127.5 -287.6
11.7 397.9
-436.4 832.5
-730.8 -80.5

14
-297.2 433.0
355.4 -289.6
-319.8 815.6
40.3 666.3
-911.9 -685.3
-863.3 517.6
-407.4 -231.0
79.0 -730.9
-346.3 -789.1
-969.1 -147.9
-716.9 204.8
163.3 630.5
144.2 900.9
-224.3 623.5

44
-696.0 938.1
300.3 -611.7
566.6 49.8
834.6 172.5
-94.4 55.2
-99.4 -455.3
-71.9 361.7
663.2 -20.3
226.5 554.2
-365.0 -446.3
251.3 -850.9
-458.6 -240.1
980.7 457.0
481.8 167.4
702.1 39.5
-747.8 490.0
-90.8 -722.9
491.2 620.7
-981.1 -142.6
-566.3 50.7
-619.3 -296.6
272.0 506.8
-453.6 679.2
304.3 623.6
55.0 -831.8
-761.8 576.4
-260.3 -216.9
427.9 458.0
477.3 -132.8
724.7 -681.4
760.9 664.2
-753.7 878.8
213.0 397.2
-560.0 746.3
331.9 147.8
-537.0 432.4
899.4 81.9
972.5 -276.4
-439.5 -904.7
672.4 -692.2
-127.7 -577.3
33.8 -173.9
385.5 -990.5
551.5 980.5

19
168.5 -323.9
-493.2 58.2
-639.3 593.1
-345.4 214.1
854.2 16.9
828.3 -554.3
961.1 841.2
-81.8 967.8
-92.5 -531.4
982.1 -48.0
660.1 -898.0
-657.4 819.1
-776.9 86.2
189.3 -71.5
282.6 668.2
-943.2 798.5
863.9 -841.3
-891.7 507.5
810.9 -915.2

10
704.1 339.4
835.3 -7.2
-602.9 -289.4
960.0 -734.0
-193.7 816.3
900.5 160.4
-910.8 192.5
-415.1 875.2
-78.1 -302.8
-761.1 197.5

28
944.9 828.3
-384.8 -868.6
410.5 278.3
-239.7 -184.0
343.8 352.3
-839.8 -532.3
-540.8 643.5
110.2 -362.6
-688.8 224.7
768.4 -12.4
371.1 206.3
-900.4 269.4
-11.2 756.7
308.1 -356.0
-175.8 -158.6
742.8 192.1
736.2 189.5
807.6 412.1
824.5 -950.7
778.2 416.3
309.8 -734.9
524.7 971.9
165.2 170.4
329.7 626.9
-94.2 -713.8
519.9 156.6
-700.6 37.7
340.0 -565.7

3
215.7 -735.1
752.9 -274.9
-696.1 -400.3

48
-889.7 -966.7
-303.1 -424.2
-726.8 -332.4
-29.7 -798.7
453.4 -720.5
-561.7 -812.5
-777.5 148.8
432.6 -139.8
237.8 478.0
810.4 177.7
771.1 690.0
-409.9 -646.9
-211.7 -16.9
4.2 -188.0
328.2 829.0
-827.3 910.8
345.8 36.0
-877.9 92.9
-493.0 -550.1
-833.0 -924.1
-661.1 768.8
-392.8 200.1
709.8 -816.7
-504.5 564.8
592.7 -164.4
-773.8 333.7
-904.0 270.5
-155.5 355.4
855.0 717.6
-703.6 291.6
-128.0 -850.2
-260.3 -203.2
362.8 -315.7
765.1 416.2
159.4 -273.8
961.3 -636.6
-339.2 575.5
-553.6 862.7
409.0 198.3
998.7 124.7
517.7 -298.1
216.8 377.8
706.8 -886.9
762.4 -109.2
-112.2 -631.7
-90.1 269.0
-793.1 -45.7
-100.8 -303.3

11
-132.6 35.5
787.0 880.3
605.9 -275.0
759.2 -997.3
-804.5 582.8
-849.5 -569.7
-152.9 -243.4
-480.8 -120.3
-860.3 226.2
332.5 924.1
951.1 -319.1

1
398.9 -490.4

29
-513.9 19.3
926.7 -867.3
-241.6 240.5
881.9 784.6
689.4 139.5
-680.6 289.6
-291.0 -655.2
572.8 222.4
-279.6 426.2
686.1 -894.1
-363.2 -869.6
-63.1 928.9
681.2 -17.7
-901.7 -635.7
363.7 -678.3
112.9 -907.9
-163.2 52.9
-155.2 -342.9
992.1 -527.2
-436.3 -697.1
625.0 373.2
-378.8 -383.6
905.9 -206.6
798.4 781.9
-864.5 577.3
4.3 -445.4
666.9 391.1
-557.5 567.9
-659.5 982.9

32
-897.2 -464.9
-944.6 -113.8
625.7 -736.7
-64.6 654.5
-967.7 975.1
635.3 284.3
289.5 376.0
344.2 -113.2
-691.4 234.9
-587.5 343.5
-392.5 -890.9
723.9 748.1
-629.5 -767.0
-32.9 484.1
-0.7 566.4
581.9 58.5
189.1 374.6
710.7 -620.6
-677.8 -489.3
631.9 -358.7
-323.9 653.6
149.0 -440.6
822.9 -834.9
-772.8 842.2
-325.8 -59.0
299.8 -522.4
-214.1 515.5
-293.9 -155.7
292.3 -233.3
69.4 -201.1
539.6 864.9
165.6 -823.6

38
-112.8 50.9
-302.6 486.2
-140.5 -504.3
-738.4 -509.8
894.7 504.1
-929.7 900.2
921.8 -583.3
-219.9 -264.6
-72.6 -758.9
-149.6 519.0
549.6 586.7
-207.8 831.2
-319.6 288.2
567.8 -767.2
84.4 -817.7
-509.3 -874.1
-36.9 -69.8
961.9 64.3
-440.5 -629.0
490.3 -488.2
-224.8 -116.5
667.6 -770.1
-152.3 587.4
-426.2 -207.0
574.1 141.7
-453.3 865.2
-546.1 904.0
-396.6 -834.6
736.4 987.5
-875.1 867.9
709.5 390.0
-388.9 662.0
764.1 340.5
-699.5 -68.7
527.5 -891.1
418.9 -989.6
525.8 153.0
-17.4 -511.1

45
-943.9 304.3
-250.8 349.1
145.3 -777.2
-590.7 -361.2
-209.6 -953.4
946.7 -602.6
-588.7 854.7
-29.1 747.5
-580.1 -918.8
-52.5 777.0
-508.1 913.3
719.0 593.9
-464.5 -786.2
937.6 -344.6
583.3 -599.7
281.6 -761.4
-322.4 -137.2
-771.6 -341.9
484.3 768.7
-984.1 -71.2
134.5 -696.3
-533.7 -754.6
-333.9 -559.8
258.4 -974.6
179.3 -876.2
-9.5 -936.7
-977.4 -500.6
-653.2 435.2
979.7 98.8
-455.3 517.6
473.2 -863.4
46.3 -712.1
-718.9 -753.6
-121.2 23.1
-535.2 -286.2
470.6 710.0
-417.1 376.6
-645.7 185.1
-680.2 -452.0
221.0 -882.2
694.5 408.2
-580.0 482.5
-95.7 321.6
-79.3 809.3
441.6 -44.6

38
-480.1 -786.4
-661.6 436.4
924.2 -714.5
648.1 164.3
-221.5 -385.3
302.9 724.1
-241.0 -939.7
-289.2 -164.8
952.7 205.2
-697.4 -984.9
-342.8 -542.3
-22.2 -731.9
-513.4 28.0
-301.5 -537.1
-134.0 140.9
325.1 -285.6
-687.2 374.0
-393.1 -342.2
99.4 319.7
696.1 388.0
59.5 -264.0
-221.5 -174.1
261.8 751.0
-445.5 -816.7
197.1 -106.1
-269.5 -762.7
223.7 783.4
-281.2 150.5
-762.8 553.1
168.9 814.7
858.7 626.3
-900.9 621.4
925.1 -887.9
246.0 577.5
-282.7 -719.3
-29.2 226.5
-70.2 312.1
-10.8 193.6

926
-303.3 567.8
-606.5 -734.0
-61.0 -618.8
900.8 -172.5
837.1 -628.7
908.2 284.5
479.4 105.6
-689.9 553.0
445.0 -484.1
524.9 -834.4
-133.6 -80.4
-860.1 -257.0
-964.1 -469.8
-165.3 -19.9
-605.2 993.2
-431.6 -776.5
-636.7 825.5
-263.7 -958.1
848.5 -225.6
-231.3 -186.0
-943.7 -514.2
977.0 858.2
781.2 -30.5
43.4 -582.7
-157.5 -373.0
-575.5 268.8
-261.3 -801.1
956.1 -440.1
252.0 -752.0
136.8 526.9
283.9 -16.1
-253.7 388.3
-466.5 -796.4
259.0 68.3
-329.3 458.5
592.3 -45.2
-811.3 -996.5
-35.0 -940.4
455.3 125.5
-540.8 678.0
355.7 202.1
-183.5 -749.9
-356.2 154.8
795.2 866.9
286.9 -83.5
998.6 -879.9
-139.1 204.7
773.2 -886.7
425.1 823.0
657.8 261.9
939.0 104.4
115.9 551.2
-745.8 -402.5
684.7 906.2
-393.1 266.2
880.7 435.8
678.2 -275.0
-970.0 -597.5
591.8 -372.7
-921.7 -353.9
-348.5 906.5
-547.1 -869.6
-537.4 -64.7
-683.8 420.6
-544.7 -916.3
678.1 -492.3
153.5 599.4
680.7 -946.5
-673.4 -986.5
385.9 620.6
-967.1 -740.8
-780.4 -122.0
-422.7 849.8
-71.6 92.1
-880.3 -511.2
582.1 41.2
305.4 -405.6
-526.2 -586.0
305.1 -69.0
-683.0 821.0
-953.5 -984.9
-199.7 -180.1
-877.6 775.5
444.5 846.2
920.1 -289.8
-156.9 422.6
453.5 -334.2
726.3 765.8
111.4 723.2
-746.4 761.1
-820.1 -909.1
78.5 -825.8
-351.5 218.9
185.9 -16.2
174.4 -695.3
-599.6 -114.2
-425.5 16.9
186.6 -138.2
-447.0 -535.3
799.4 131.8
59.1 -788.2
556.3 435.3
997.6 -719.5
660.8 -71.3
-840.6 -513.4
-541.6 -24.2
192.1 884.0
477.7 -697.8
-496.2 -889.1
-55.7 837.4
-957.3 6.9
496.6 -350.8
-923.9 288.6
-303.0 -245.5
-31.7 925.3
597.2 183.6
603.9 942.4
145.6 -934.8
-215.5 -899.4
563.3 208.5
-196.8 -224.5
560.5 -180.9
539.7 -881.6
372.3 865.2
157.4 -344.0
-233.1 185.8
-246.6 730.2
333.6 -269.5
-917.5 -974.7
427.0 -541.2
-787.7 -492.7
707.9 764.3
249.5 -737.8
848.8 -552.8
-103.7 47.0
925.7 -835.3
525.9 -862.5
835.4 912.4
326.0 590.7
689.5 815.4
699.2 -94.9
-198.6 -851.8
-808.8 795.8
-721.0 -919.0
-768.3 214.4
-616.4 -746.4
-685.2 405.3
-265.9 -611.1
-0.5 -722.2
-262.0 593.3
180.8 -350.6
573.7 19.9
-674.6 -628.5
-958.5 -880.8
-963.9 -247.9
832.5 266.7
881.4 246.2
77.1 -987.5
-747.1 130.4
-721.4 195.8
371.0 -692.5
-604.3 422.5
-311.7 4.3
330.5 164.4
-291.8 625.8
534.1 780.3
-671.7 214.7
-48.7 -150.0
795.9 -603.7
-924.3 -430.7
976.6 -141.9
153.8 698.6
304.4 551.7
-590.4 245.4
-752.1 -550.9
767.9 808.6
-550.9 -310.0
-871.1 -810.8
-84.6 175.9
-775.8 -54.5
-495.8 499.6
-877.2 369.9
-98.6 -766.4
888.6 274.0
-412.9 -799.2
721.2 -758.4
-69.7 -917.2
107.6 -954.7
495.0 52.4
-621.5 328.2
-257.7 220.5
500.4 -806.7
-291.1 -189.1
-206.0 276.9
958.7 173.9
-926.7 -100.2
250.4 528.3
921.9 -101.1
190.6 215.9
885.3 -902.2
-410.6 366.4
-461.6 434.6
515.3 -665.1
-649.2 -138.5
-293.9 600.6
-614.6 888.9
908.8 551.2
-755.1 -457.7
600.9 401.0
-920.0 759.0
-329.4 -254.4
-752.7 854.2
628.6 792.3
271.0 380.3
-57.7 -34.7
-187.6 -604.2
128.0 -862.3
701.3 -627.9
-751.1 -616.5
-871.3 854.4
44.1 -749.1
-509.3 288.1
-739.2 981.3
585.0 553.7
-916.6 -792.2
122.9 -772.7
14.6 -525.1
121.8 85.4
434.7 -361.2
-465.7 499.9
917.6 -410.5
-52.7 -663.3
-318.8 -327.3
207.5 -658.3
-979.2 -164.1
511.2 631.3
-305.8 361.5
-950.8 -736.3
-637.9 -595.6
934.4 -823.7
136.1 555.6
-637.9 -607.7
604.5 -522.6
712.0 -304.5
96.2 -566.1
332.7 904.7
504.3 691.2
-475.0 -945.1
-973.6 651.7
41.8 93.2
839.8 591.8
664.6 -613.2
760.8 197.8
513.5 492.9
-29.0 940.4
-538.2 -12.3
-839.9 -226.9
-503.8 923.5
-406.1 -65.3
-94.8 -116.7
476.9 -389.7
446.3 -441.2
-150.5 485.7
750.9 622.6
197.5 732.1
-511.5 -761.7
522.0 -658.7
345.7 196.9
-315.6 -53.8
-356.3 755.5
900.1 372.2
683.5 -624.8
112.4 242.3
186.7 908.9
-687.8 -989.8
232.7 118.5
-519.0 -373.4
748.7 937.6
540.3 358.7
-917.6 -63.7
618.4 -413.6
-564.6 -448.8
-125.0 -392.7
248.0 -12.0
-911.0 -250.9
71.9 -505.5
-393.2 -660.8
421.0 785.9
599.9 -629.0
827.1 -170.2
856.3 892.6
-378.7 542.8
-992.9 323.1
212.9 537.6
999.2 -104.5
465.3 -125.4
-930.6 -262.4
-621.2 871.2
-490.2 860.7
564.1 -198.7
68.0 -522.0
-531.0 -605.3
-875.9 821.8
652.2 -935.2
905.2 -80.1
648.4 996.4
-60.3 737.0
-251.4 904.0
-489.3 -293.2
69.2 908.8
-757.0 649.1
141.3 498.5
-507.6 -307.3
30.3 330.3
-728.6 729.7
965.6 -588.7
426.8 738.3
-863.4 -574.3
92.0 172.8
772.4 38.7
976.4 976.0
-384.3 158.8
-445.6 775.8
717.3 111.3
-175.6 -439.4
478.7 -936.6
-378.4 -108.8
103.8 -426.5
922.5 -559.4
-967.8 330.7
-827.8 -320.1
300.7 -379.7
968.5 -192.7
553.2 727.5
865.6 950.2
-793.1 280.4
-781.5 453.9
-565.3 -217.5
-149.5 -990.3
-34.0 906.7
-908.2 -603.5
795.2 248.9
-807.7 1.0
443.8 -822.3
-434.3 -328.4
-646.7 178.7
382.4 -443.1
-713.1 560.5
-155.5 -707.8
-271.3 -71.7
41.4 631.4
-793.9 272.3
-846.5 -862.8
-409.5 -173.8
-92.9 653.7
254.3 920.4
805.6 618.2
254.6 -67.7
-12.1 263.1
-89.8 792.6
-488.2 777.1
95.6 -345.4
455.6 -240.1
152.9 -732.7
260.4 894.4
-456.1 -619.9
-190.2 -945.1
471.3 879.2
131.8 -664.1
-978.9 786.7
679.9 -707.8
425.4 -13.6
-602.3 -134.8
909.3 -152.6
278.5 536.9
-613.4 -423.9
603.2 -22.2
-598.2 772.5
-489.9 -768.9
-612.6 -819.6
-741.2 -750.9
334.7 -889.3
533.5 -341.2
-655.2 -380.2
131.2 802.8
-132.8 -815.5
130.4 467.8
938.4 -9.6
936.6 -393.1
18.8 -821.6
461.0 457.6
-264.2 70.5
-361.9 -903.2
714.0 -134.5
-313.8 -769.4
590.3 719.4
-874.2 475.4
-292.7 -609.3
628.8 429.3
858.1 -779.6
-531.1 392.0
22.0 -389.5
-821.9 -517.1
768.7 632.2
-541.0 -3.6
-230.5 -20.2
-234.2 -857.8
-949.2 88.1
303.4 586.0
761.2 886.4
118.4 -251.9
-50.2 -524.8
944.1 879.7
298.3 -815.2
-875.9 -637.4
37.9 459.7
-141.0 503.8
-749.1 -507.9
610.6 745.2
603.2 505.8
-580.7 -420.4
-997.6 -790.6
-304.3 -424.4
-787.5 -579.0
724.5 -263.8
-213.9 -938.1
-681.9 848.3
-123.3 -737.3
-327.5 -670.3
-951.0 359.0
-346.8 -42.1
549.0 -847.9
-315.5 670.2
-369.3 327.1
857.5 -423.4
648.3 -506.6
-495.9 -909.0
-133.1 82.1
135.0 126.2
651.7 504.3
-330.1 -516.1
430.9 750.9
-172.4 -312.8
877.9 -960.3
-116.7 550.6
204.7 884.4
-258.0 767.9
-483.9 -786.5
470.3 609.3
314.0 482.2
657.0 -831.8
541.5 -462.0
-124.9 -553.0
533.2 -922.3
-906.5 137.2
-175.5 -644.7
208.1 -952.3
-259.8 911.0
116.6 122.3
54.6 610.0
-717.8 -193.6
914.7 -721.9
981.7 -823.0
924.5 -366.9
-289.8 191.5
487.4 468.6
-557.6 248.9
-284.9 453.5
163.4 -531.7
-944.8 -473.7
-201.3 -594.7
-535.8 -162.2
93.6 385.4
804.9 -322.4
470.7 -487.1
-96.8 -697.8
686.8 293.8
-235.7 513.6
368.6 -220.2
-819.1 -23.3
889.7 -453.1
-940.1 897.2
2.6 661.5
279.4 884.2
116.4 262.5
-615.5 153.4
-828.7 410.1
638.6 -237.2
46.8 315.5
348.5 710.8
336.7 143.1
633.8 -704.3
-857.5 -958.8
-5.3 890.4
26.5 -898.4
-800.6 -538.6
194.3 53.5
-101.7 -301.5
6.6 603.9
906.3 -782.1
-485.8 712.9
242.5 788.6
370.3 -838.3
-731.2 -371.9
23.8 919.8
-668.9 835.5
369.8 209.8
-891.9 887.6
159.1 824.2
809.4 -88.4
-277.8 -536.8
-985.0 492.5
-782.7 -473.3
693.8 -364.8
-862.7 224.4
203.2 102.2
678.4 903.6
960.6 -762.6
-762.6 417.0
703.7 399.4
419.2 -620.6
119.5 -562.6
432.8 -241.7
-742.8 225.8
674.0 -215.3
-329.8 904.5
-64.4 -400.3
-642.6 -374.8
584.5 83.3
951.3 800.3
-539.0 787.6
619.6 54.1
355.2 240.6
320.5 409.6
-340.2 212.3
-978.4 -95.4
296.5 272.6
257.6 -52.0
615.1 -102.7
414.7 141.9
94.2 124.5
391.0 637.3
793.4 725.9
-982.6 -319.9
-257.8 -847.6
-307.9 419.7
936.1 -188.8
683.2 -730.5
896.2 -664.6
325.1 -929.9
-344.6 283.9
305.4 -417.2
403.9 794.7
328.1 -477.3
-211.4 938.9
-601.1 509.9
700.9 344.0
-728.4 18.5
-888.7 -824.7
-792.8 707.1
-978.8 -717.8
836.1 -628.7
-265.8 -265.2
-137.1 200.7
131.8 -712.1
-472.5 -933.8
636.9 -89.4
-93.5 -405.4
-638.5 -106.6
298.3 342.7
-315.1 685.4
718.9 347.7
998.0 -811.7
-475.4 582.2
748.4 -891.8
228.8 -921.3
-624.7 780.0
-66.2 -540.2
-894.0 -102.6
208.6 78.8
-873.7 584.7
493.9 257.2
-905.1 98.9
-399.2 -860.3
615.4 -172.3
227.1 717.5
41.0 185.0
974.9 757.9
661.6 -29.3
112.5 368.7
-74.1 -530.0
430.0 -458.9
481.5 438.5
-498.3 957.8
-145.9 861.4
-856.8 -55.8
396.9 271.6
-489.7 281.8
202.2 -648.1
584.4 145.4
291.6 -556.8
-841.9 -63.3
-934.9 238.8
165.7 718.5
587.2 -521.7
317.3 -489.0
-29.4 -893.7
344.4 -332.9
-908.5 336.1
-728.0 416.2
600.7 -354.0
857.4 -391.1
-294.7 329.0
531.5 -249.1
-213.9 845.2
-883.7 492.3
503.1 179.3
-733.3 -850.0
-768.3 -324.3
682.6 69.7
720.0 -991.3
-948.1 -593.2
224.8 491.5
-871.0 -18.8
706.0 730.2
-963.0 577.2
-267.3 17.9
134.6 -364.4
-71.6 436.6
167.0 344.3
-893.4 -388.3
663.5 -539.7
-663.6 -252.6
629.2 53.2
932.1 169.2
220.4 -997.6
899.0 -120.0
206.1 -767.2
-213.9 -906.1
179.5 89.3
-155.1 542.3
768.2 383.7
900.3 118.0
-426.3 -960.7
190.9 -360.8
255.6 122.4
544.3 -182.5
-13.8 -952.7
-813.2 -362.8
457.4 573.8
-823.7 -936.1
-763.1 545.3
-598.8 471.6
714.9 -37.4
698.5 792.9
-49.4 700.9
-997.4 988.7
-141.9 -448.6
-351.9 164.4
268.3 -254.8
655.6 175.0
-548.2 982.9
-623.8 208.1
-346.0 -284.0
-941.7 27.7
950.8 -855.2
-188.8 -252.5
776.6 -816.1
920.4 62.2
-801.3 945.1
964.6 166.1
950.3 -959.0
297.1 -794.5
911.8 475.1
118.2 -831.8
954.7 594.8
-373.5 -245.5
-28.1 238.6
-974.4 755.4
-406.0 -806.6
890.5 -741.3
-968.9 207.9
587.4 932.1
713.4 666.1
709.5 -16.6
-387.7 492.7
-251.2 -369.3
-752.6 10.9
-563.2 -201.3
-185.2 -660.4
-759.3 520.2
-632.8 872.9
-367.4 -309.5
841.6 -528.0
-398.3 343.4
20.4 192.7
256.5 209.2
479.6 -969.3
299.6 -83.5
373.2 596.2
209.4 -390.3
-759.0 -608.1
-363.4 385.5
-207.5 249.0
-168.3 -266.8
-987.7 68.4
512.8 111.4
-465.6 -308.6
524.4 774.8
-702.0 -118.3
736.1 670.5
-123.4 848.7
7.6 910.7
-813.9 -221.0
629.4 491.5
-134.6 486.0
-908.3 -159.8
692.7 -574.5
-625.1 638.6
-220.4 288.0
460.0 -943.0
679.0 -584.8
-583.6 -189.9
-30.2 264.8
-987.4 -250.4
-399.4 -13.9
-492.0 552.3
143.3 -438.9
-668.3 25.0
946.4 153.9
-145.0 -546.4
-408.9 314.7
-636.4 723.1
-286.1 -350.0
-409.0 -668.4
834.9 740.9
560.3 -176.7
-533.9 -249.0
-126.2 326.9
-118.3 1.7
-657.4 -29.1
448.9 -705.4
-371.9 85.3
201.5 -371.4
508.1 118.7
-759.0 843.1
-691.3 791.5
-377.1 -632.7
441.2 -924.4
836.1 -150.3
-606.4 364.7
738.3 -558.3
-742.9 -973.6
853.1 920.0
-166.1 -59.8
-186.2 -710.1
-748.0 -98.2
781.4 336.3
36.7 -825.0
-916.9 -789.7
-161.6 -400.7
193.6 -689.8
733.5 188.4
-798.3 156.3
-489.7 -195.2
889.7 -979.4
377.4 535.7
504.9 -357.5
771.8 -967.7
-992.5 664.4
360.5 -860.8
255.3 470.3
552.6 181.9
380.6 651.6
70.4 -55.9
-84.2 518.8
399.8 571.3
829.8 -346.1
125.2 999.5
18.1 626.4
-263.8 855.7
549.4 -64.8
-729.1 -152.5
841.3 764.6
-358.8 785.6
270.2 625.8
-818.5 -305.4
373.9 -11.5
682.3 122.0
-72.0 288.1
761.9 920.2
-498.3 273.1
863.4 -165.6
150.8 92.2
-178.3 160.4
973.5 -650.6
-26.9 324.3
457.9 -868.9
-743.1 60.5
-497.6 -929.6
746.0 298.5
-247.5 453.3
433.1 -514.5
861.8 368.7
-542.3 992.0
208.8 666.7
251.1 930.1
529.6 -618.0
526.9 -524.5
323.9 -691.4
480.2 -629.2
-765.0 -862.1
941.8 -607.8
-81.5 -78.5
22.7 -904.1
84.9 -977.2
107.2 -486.8
-536.5 265.0
-17.0 -359.8
504.3 -651.6
502.6 -962.0
703.6 705.3
650.2 -872.4
-705.2 -100.6
-801.5 415.5
-532.0 188.8
728.3 893.9
626.0 204.2
-487.5 -455.1
223.0 -470.2
400.2 817.9
-369.2 543.3
163.1 710.9
416.4 -390.9
-534.4 -844.1
-338.1 -86.4
771.9 851.0
-304.8 -32.8
-632.8 145.7
882.3 829.4
844.6 -291.9
145.8 -730.8
546.5 -997.5
-935.4 223.8
591.2 261.2
-901.6 -885.0
761.2 -918.6
190.3 947.4
-919.1 979.7
-950.9 364.1
-348.5 955.6
-303.8 -24.3
-376.7 714.7
-499.4 323.0
120.7 279.6
345.5 -956.5
-687.9 -464.2
263.9 -206.4
-906.7 -398.6
245.0 213.5
365.4 -918.0
251.3 -50.6
-715.5 -864.8
-54.8 -734.9
960.9 111.6
881.7 286.9
-681.9 -984.4
-755.4 -837.4
189.8 287.5
317.4 127.3
-513.4 -726.6
-741.4 909.0
-707.6 661.0
32.5 541.8
993.5 831.1
68.8 426.0
-138.5 466.8
434.6 -780.5
801.5 -114.2
97.7 -726.5
-726.5 -584.4
411.4 -565.7
173.9 181.8
108.0 -139.6
-579.4 749.2
653.9 337.5
-267.2 -36.0
510.8 832.4
-651.2 56.2
-401.3 23.2
-117.2 -169.4
-540.9 477.4
-367.3 757.3
15.8 576.9
916.5 -456.1
35.3 -593.7
-514.4 -359.6
603.0 -414.8
-774.3 497.9
401.9 591.0
71.4 -909.4
-500.1 -748.1
-40.9 696.7
958.4 33.7
-331.4 -150.8
-270.6 600.1
768.4 -637.2
452.3 991.8
-44.8 -666.9
-314.2 486.7
-334.9 -167.0
706.3 611.2
762.8 -454.6
610.7 454.0
-535.7 172.4
173.1 806.7
-662.6 -757.0
-480.3 -78.0
-2.2 55.6
629.5 569.8
-359.1 -818.0
948.9 592.3
376.4 954.4
-700.4 73.5
212.0 741.8
696.0 -306.0
