34

65

1

1

3

68

63

24

47

1

1

1

4

10

86

1

36

3

46

1

44

1

73

1

1

10

69

1

96

12

4

1

45

51

15

3

100

1

5

19

1

1

1

77

9

5

4

1

1

1

88

48

67

2

93

37

1

3

7

74

37

2

2

47

1

98

9

1

1

29

1

1

28

1

15

32

2

47

11

1

45

1

2

2

62

95

2

68

95

1

46

27

1

85

1

10

52

29

15

48

1

17

1

37

13

100

16

80

55

1

1

43

2

2

1

5

9

2

1

41

53

1

67

22

1

4

69

73

4

44

12

4

6

3

1

1

42

21

1

85

15

27

1

1

23

1

93

17

61

28

1

2

94

59

80

20

6

10

2

1

65

2

3

1

1

36

21

1

1

73

1

1

47

67

1

92

2

1

6

53

1

38

39

2

1

30

1

4

2

1

70

1

33

42

5

9

86

2

1

91

53

2

2

89

99

35

5

30

58

5

1

35

1

7

10

18

2

2

12

88

1

63

68

89

2

1

14

1

5

70

1

30

4

1

6

5

2

1

31

1

2

2

2

38

59

2

21

78

21

61

1

30

93

11

52

95

1

16

19

56

49

14

87

19

13

3

1

74

33

1

1

6

1

59

64

1

1

77

4

86

2

21

4

54

98

1

69

1

59

77

47

3

77

18

23

1

58

9

69

20

2

1

1

5

6

41

2

1

93

1

28

1

39

58

3

1

9

3

21

1

18

1

77

85

1

7

56

5

1

2

26

1

56

6

48

7

3

3

1

1

4

21

7

1

5

1

1

67

18

1

2

3

79

5

70

27

5

2

49

2

4

67

4

1

2

93

9

13

1

98

93

1

3

69

75

6

4

1

30

8

53

22

1

28

26

18

6

37

79

1

21

11

1

2

90

10

40

1

12

4
